# Each line contains one data point ordered as X data and Y data
8.198547320821134576e-01 1.695883953228175534e+00
5.716476981360818499e-02 4.859592071222547993e+00
1.028609556223516019e+00 4.495508607035091586e+00
-1.485071752427678859e+00 2.885347316512507643e-01
4.497749616901351999e-01 -7.863433528605279221e-01
8.774266598367073122e-01 1.936308449154136246e+00
-1.538776395522542639e+00 -6.432673515791886842e-01
-9.931023282495545779e-01 4.127977296744006708e+00
-6.732361785084290950e-01 -1.604419065527982191e-01
9.787664607642683201e-01 3.586716735111410426e+00
7.896222119705971210e-01 1.776398010367995273e+00
-1.442811361845453000e+00 1.115290272414835693e+00
-1.316830972779842845e+00 2.301428144813603360e+00
-1.299332452037388119e+00 2.261416638868314344e+00
-1.254021703437615987e+00 2.025242220184294784e+00
-1.496945078071451274e+00 5.793820176017772106e-02
1.617010035420375136e+00 2.009046535182057003e+00
-1.392896939496218511e+00 1.898250038685578955e+00
3.022575321209681753e-01 4.393035961361997366e-01
8.860992670236780278e-01 2.023888352422186010e+00
3.911282071466097854e-01 -1.019322793148790041e+00
-1.429783850931469757e-01 1.783906433004501579e+00
1.447310186339930027e+00 -8.135818026300603023e-01
-1.809010529275845158e-03 3.965774699230534051e+00
1.301689521501530944e+00 4.545674039381522036e-01
6.190603642545138285e-01 2.029828828038440225e+00
1.251310821893012015e+00 1.958820619300995602e+00
5.797647700266161941e-01 1.510075010004081397e+00
-4.816029182861014668e-01 3.570427781359706287e-01
9.573396084380991766e-01 3.162419150114770261e+00
1.347992764782230513e+00 -5.695115915866715284e-01
8.004904230558596012e-01 1.734752403737733095e+00
1.062579390241465749e+00 4.909094860514931824e+00
-4.871074714907184244e-01 2.485151156376856907e-01
-4.417390263157017216e-03 3.916006605291832976e+00
-1.949278623794427290e+00 4.791934448130339419e+00
5.783199387755617593e-01 1.486555684163468172e+00
4.051323198147578353e-01 -1.048839833783338449e+00
2.626210556681680686e-01 1.604660135672789867e+00
1.005442635821440778e+00 4.101341977066390143e+00
-8.764233492081885402e-01 4.926564453115323872e+00
-1.688796456666388224e+00 2.064698179066506434e-01
1.490659309040433200e+00 -1.722204078883580181e-01
-8.757250322381460172e-01 4.920579074833929312e+00
1.447480787133920810e+00 -8.117392100183224990e-01
9.584444375356215851e-01 3.184026955901565259e+00
-9.116778040636472902e-01 5.043333415503854056e+00
-1.259365624796162653e+00 2.058506602321419354e+00
-1.136431515868929765e+00 1.824527164076970243e+00
6.229405067215831870e-01 2.067102858782682517e+00
3.108059520963681877e-01 2.165015168916548660e-01
-1.691732283875460485e+00 2.812575585166734449e-01
-1.060046408870387591e+00 2.831880029547262367e+00
8.988968289325338645e-01 2.176973524057860487e+00
7.996021945008791043e-01 1.737677250734567025e+00
1.498725179098440385e+00 -2.396462133591636956e-02
1.607253348562375450e+00 1.900057018499762940e+00
1.189114023248929897e+00 3.785520061956816562e+00
1.912255258197502972e+00 2.365073515508082203e+00
-1.425885205377277476e+00 1.416607421835627267e+00
-1.298176932908381431e+00 2.257442041586970483e+00
-9.448416509332360214e-01 4.839520486647343134e+00
4.082122089303621415e-01 -1.047756894275981843e+00
-1.169938727222133323e+00 1.697071638505266655e+00
-1.013456763110745840e+00 3.740408496287630058e+00
1.379887976479436063e+00 -9.541444342233358356e-01
1.023285594343130711e+00 4.411318378093669779e+00
-3.130593506028915840e-01 2.296233216016135614e+00
-1.949293928966344680e+00 4.791762833534283672e+00
-9.979287358132000740e-01 4.038868636552720659e+00
2.750498666759817468e-01 1.222092797126382635e+00
-1.534392781817766060e+00 -5.817778439255572032e-01
-1.158123232925988066e+00 1.719567170487154018e+00
-8.964087214735938502e-01 5.037141763132957806e+00
-1.632121185938926189e-01 1.706994248609637665e+00
1.152871705970865523e+00 4.555118199095290699e+00
3.582526282071403223e-01 -7.247568215265385305e-01
5.907929442204551407e-01 1.680241360610242873e+00
1.452986488917223262e+00 -7.488996296871421876e-01
-1.889336862451661325e+00 5.011423249916948208e+00
-7.891664518286249930e-01 3.196049983547760931e+00
-1.397041696304498704e+00 1.846922038821648737e+00
1.712644824824774759e+00 2.213431382236695555e+00
-1.083259155341326441e+00 2.434178263192602998e+00
-1.428717638266462586e+00 1.368292754046355419e+00
-6.538889392824529523e-01 -5.379251461222995800e-01
-3.527673682990113413e-01 2.238312872925607877e+00
-2.006906514511470618e-01 1.738661354253359104e+00
-1.581569014316133170e+00 -1.025121590042302522e+00
-3.234600451100941854e-01 2.305541098377318576e+00
3.075340615101627151e-01 3.002006192682533658e-01
-1.247654753417008600e+00 1.985269713644447265e+00
-6.643800149599008442e-01 -3.448311549572453671e-01
7.188184418201282178e-01 2.183495972711984923e+00
-1.062420236432057852e+00 2.788545912755017842e+00
-1.835928444270606974e-02 3.643705492985795491e+00
7.382499242640339077e-01 2.073158071272426906e+00
9.484417673132887749e-01 2.990701223305245016e+00
-1.150706543501080148e+00 1.745962833909411538e+00
1.348264617843582869e+00 -5.739964309926470776e-01
4.496267303894549983e-01 -7.880186883775284201e-01
-7.555718964133797400e-01 2.174946189226710125e+00
-3.286895892295120802e-01 2.304040883226138536e+00
9.304690330351408356e-01 2.662041489654094040e+00
8.582115442923043958e-02 5.038055081735634211e+00
-3.558760332919774783e-01 2.222399237610821032e+00
-1.958248753795207797e+00 4.682956560878196228e+00
1.068018399213041203e+00 4.951720876837723218e+00
-6.489175292811308893e-01 -6.193058778858868685e-01
-1.964263945180179327e+00 4.600990219656348579e+00
1.927932176367283201e+00 2.618215667907131561e+00
-1.137891279933649358e+00 1.814792451428916431e+00
-1.845437480931327645e+00 4.526388729205837791e+00
-2.581641727771404327e-01 2.051072176400101199e+00
6.566173021532701881e-01 2.275855310645907181e+00
4.979422688198171798e-01 -3.861583713015326325e-02
9.984740172650852230e-01 3.971145736273991034e+00
5.029632857663792755e-01 5.619036517027953259e-02
-1.428810041551819676e+00 1.366700945181629434e+00
-4.145366094907521060e-01 1.600133143112935974e+00
1.676481401202072341e-01 4.278989247005848817e+00
8.346443719258327398e-01 1.703016174145836059e+00
4.283907253327057241e-01 -9.758192325118102417e-01
-1.763450296434851072e+00 2.421146965257532813e+00
-8.925156480513058987e-01 5.024794525689604718e+00
-1.423147289310382035e+00 1.462399042182511710e+00
-1.500073457441000180e-01 1.748953842874457543e+00
-2.350578545721542234e-01 1.907492137735937732e+00
-1.167483575629496340e+00 1.699826004351356445e+00
-1.386883915500360498e+00 1.967532196225375118e+00
-8.511876938193889686e-01 4.620955987700105183e+00
-1.502153042730775212e+00 -4.039594505631383115e-02
-1.016259960033467635e-01 2.170182138060826382e+00
9.347457358431996433e-01 2.737509723143108253e+00
1.814394671432564277e+00 1.701698313416220465e+00
-2.502577737773958866e-01 2.001619633329551728e+00
-1.056765195131378565e+00 2.892595977938735352e+00
-8.543950653126319850e-01 4.669795681576101032e+00
-1.501098904858997329e-01 1.748509712316572262e+00
1.458214433295774715e+00 -6.834045105449715329e-01
1.330211061373325343e+00 -2.344498784943023217e-01
4.969879754866792787e-01 -5.640362001968002303e-02
-1.900996592815361819e+00 5.046031448496069771e+00
-1.873932503440276953e+00 4.904561337343515071e+00
1.695891371260922931e+00 2.276203965288111863e+00
-1.592590985766801914e-01 1.716375058222431083e+00
-6.327359841880344504e-01 -8.367479672336823882e-01
1.868386848776062870e+00 1.859423524101043723e+00
-5.280254629741603090e-01 -4.864875588686219388e-01
1.701762853429932942e+00 2.257652851745697298e+00
-6.509984792688645605e-01 -5.860531470426715295e-01
-1.367212833672080130e-01 1.822563822425923741e+00
-3.859845262534209454e-01 1.977357218191603483e+00
1.359198631001980129e+00 -7.375982870308952499e-01
1.268375740343298919e+00 1.426291846637070426e+00
-1.335384777019927416e+00 2.295696984733455626e+00
-1.609698814940701883e+00 -1.015792772369865204e+00
-4.021331727157066993e-01 1.780003868060743955e+00
-2.267384155658014322e-01 1.859021269437490576e+00
1.000554418324733241e+00 4.010438319821227893e+00
1.549884206488096883e+00 9.773489585917232159e-01
7.948983119242267747e-01 1.754633836963328974e+00
1.655703071216809708e+00 2.272883250418749057e+00
1.854572122143922641e+00 1.770713131259306961e+00
-5.665251157697555051e-01 -9.407438083824173347e-01
-1.165522826751534957e-01 1.995695140212148111e+00
1.813276915406675904e+00 1.703412861028900771e+00
-9.279205996619475094e-01 4.978730923933136765e+00
8.125813940266062296e-01 1.704567244828502304e+00
1.154277545642403258e+00 4.531284190510389109e+00
-4.155052589523569040e-01 1.585137962990509353e+00
-1.613701784497607594e+00 -9.958678154038116404e-01
9.331252917393229040e-03 4.172050681050237131e+00
-1.663307122951984685e+00 -3.658699254999975281e-01
1.876387379767037178e+00 1.926715567150754316e+00
6.086631158681101716e-01 1.916820652560704552e+00
3.533832080043044499e-01 -6.546937724632999611e-01
4.144562885497902194e-01 -1.037362658908884683e+00
-8.467674747460671725e-01 4.549051339559368579e+00
4.756418418927217395e-01 -4.286266000205563031e-01
1.529252276349431394e+00 5.727446547778500818e-01
9.204677719832949911e-01 2.493692136401139514e+00
1.433306115619488175e-01 4.702702433686223316e+00
1.593839339599670613e+00 1.724147630600272985e+00
9.798779082502018234e-01 3.608773062116926056e+00
-1.151176880374917832e+00 1.743999943077625847e+00
4.789690478284258646e-01 -3.743895187994024099e-01
-1.295533514014587606e+00 2.247795855910448282e+00
9.399303360558617371e-01 2.831453029871355831e+00
9.152857880233451482e-01 2.411453054501374815e+00
1.698897721443689779e+00 2.267209324506760382e+00
1.223560173099011550e+00 2.819986501733371398e+00
1.318702191877373586e+00 2.320266726373709787e-02
-9.368391323854607933e-01 4.913997037881781438e+00
-7.903225740000316968e-01 3.229257817955941690e+00
-1.994964887806503828e+00 4.093845525976370858e+00
-1.069409379621174772e+00 2.664160052971423553e+00
1.716535951912572244e-01 4.194764485527617381e+00
1.520940131677894769e-02 4.275822769626200781e+00
4.418097494265360581e-01 -8.694944470881189602e-01
