# Each line contains one data point ordered as X data and Y data
2.290098099215852834e+00 2.066548366645437085e+01
-3.240485112480580909e+00 -6.235017286196494979e+01
2.041950587666727657e+00 1.434788414677491275e+01
-2.279331648867766180e+00 -2.128630143366275007e+01
1.988455392799378885e+00 2.224840147621125652e+01
-3.663375008862953308e+00 -4.823755087899503735e+01
-1.128408225969893763e+00 1.024766176529032791e+00
-1.323332534025466245e+00 -1.440692872482277309e+01
2.948767028299213777e+00 4.982281692866648370e+01
2.220874420265595894e+00 2.642678442824442087e+01
-1.801538946495218063e+00 -1.499818922755873807e+01
-4.238675330134002550e+00 -9.881420470036380266e+01
-4.512625705238678897e+00 -1.011217699601406110e+02
-2.874748274521585767e+00 -4.545310247189611630e+01
7.753000492816060074e-01 -9.354864092182692659e+00
-2.791499413841790123e+00 -3.781001865814231166e+01
-3.488381151252220036e-01 -9.840908964114928326e-01
4.207641085607992437e+00 1.148897052931841642e+02
-1.603584351914102424e+00 -4.081480250679828004e+00
-3.275878051980660732e+00 -4.557223766821984867e+01
3.739664595245983492e+00 8.054657887400051663e+01
1.347633481012694645e+00 8.193228387870796325e+00
3.367245904303969084e+00 5.084506364141128643e+01
-4.948489597018382646e+00 -1.408514269650527240e+02
2.443307438770784046e+00 1.706165518453743601e+01
1.670041113536168353e+00 -8.773977620413516476e+00
4.035077145957306044e+00 7.848164140315748227e+01
-4.603378378538200977e-01 2.865319850767972021e+00
2.111888951333325437e+00 1.193418129261573668e+01
-2.070797153629496457e+00 -7.426638764303007179e+00
2.174363481800478226e+00 2.889550278186520771e+01
1.816848590229708904e+00 3.761693934412898699e+01
1.705525050646530261e+00 6.006955021564302832e+00
2.194513641600527976e+00 2.577397631201505845e+01
-3.549466063924499259e+00 -4.573297025004108463e+01
-3.844669943288864467e+00 -6.512814807437959530e+01
-4.691361175012795925e-01 -9.322087254300477355e+00
2.161441041277861075e+00 4.434486759236372677e+01
3.591962897655855969e-01 6.361196206031991984e+00
3.548100143724528976e+00 5.413958014314260936e+01
-3.330975204211008567e+00 -5.138900558618499304e+01
-1.494659029423978325e+00 -2.010687463216238768e+01
-4.355452173336208155e+00 -9.835958689412629496e+01
4.342599088283828124e+00 1.157587025670364653e+02
-4.759350747916250235e+00 -1.264586264296848697e+02
-4.355649268415684006e+00 -9.932659331106172829e+01
1.298242684118147139e-01 1.429804849523952548e+01
-4.322087084980009486e+00 -1.044880598762815964e+02
-4.651904960265272670e+00 -1.087299598363563717e+02
-1.165914882574225153e+00 -1.013975348795840858e+01
-4.507379558621064319e+00 -1.268872388843455070e+02
3.418971630220534408e+00 6.087995487623401658e+01
-1.526577592508295833e+00 -1.270810966571959177e+01
3.740335047036912997e+00 7.583030798077673751e+01
9.264032475592820504e-02 -4.151208479729926459e+00
-1.553774573444270946e+00 -1.412489002115077596e+01
3.393799051772319331e+00 4.769035266418224950e+01
-1.513511260516873236e-01 -3.408422652353062077e+00
4.031916805455272979e+00 8.307005121461196495e+01
-2.981321962568096673e+00 -5.443638612381731434e+01
-6.894552576471788541e-01 -4.025329640574893375e+01
2.487625813419866994e+00 2.336282526779935864e+01
3.679411336428234591e+00 6.986370700586368798e+01
-3.489792394359203520e+00 -6.792524559454358268e+01
-4.492515873079103272e+00 -1.180903439727218682e+02
4.681106027473324716e+00 1.227171537981102460e+02
2.568558039843838792e+00 3.744192241943854071e+01
-1.614724078574540922e+00 7.468844065507298069e+00
5.912014669975711456e-01 -2.783706802964267979e+00
-1.190494630904526119e+00 -1.027025345482250707e+01
2.851344829334165887e+00 2.389812071681220118e+01
1.117836693472023413e+00 1.249300785334945019e+01
2.239531576811755187e+00 4.375642993621428900e+01
1.367544174616800667e+00 1.375022626968177875e+01
-1.246279985913825161e+00 3.923754198703811369e+00
-3.731636185531036709e+00 -6.335978142580314909e+01
1.554737489030698860e+00 1.041632871956915452e+01
-3.413091222045536721e+00 -6.163944577799457392e+01
-3.374515867471914454e+00 -6.728513777118779160e+01
1.364037277155513372e+00 1.217109673046674523e+01
2.774564603226146176e+00 1.617565155563731949e+01
-4.667667284652447179e+00 -1.232778070379899020e+02
-1.426417951964136233e+00 -1.336463238058180281e+01
-3.915102460664157125e+00 -6.954225399464797874e+01
4.196328711565874059e+00 1.001468958515048939e+02
-4.980378116215019801e+00 -1.650538476787419597e+02
1.885527217701945091e+00 1.159525224836047386e+01
-4.194873405037006009e+00 -8.775380135289923089e+01
-3.527317996251558618e+00 -4.708927281893059558e+01
3.036400226982738815e+00 2.643327368518716369e+01
1.603272571053459217e+00 1.494117153531272635e+01
-2.179870349752361935e+00 -2.197408367063823320e+01
4.194326466848625756e-01 2.305888012302361645e+01
2.672905783427752979e+00 3.297303848529608672e+01
4.368407233393774902e+00 1.008330809391988225e+02
4.304439353823996228e+00 1.036466141554809610e+02
-2.494886596877687879e+00 -4.382020810737451200e+01
2.428550911458530415e+00 2.757518366019725420e+01
-3.169929070591006592e+00 -2.731658738636943440e+01
-3.041794499489136605e+00 -4.846192083882812085e+01
-1.930801347641040167e-01 6.565497264816995582e+00
-3.963857164728255000e-01 -7.299079901443539242e+00
-2.368574078199223720e+00 -2.497399570730291885e+01
-4.890892925002383151e+00 -1.296128322893213749e+02
-2.799295270257335932e+00 -2.715788518581658906e+01
-2.273366385977724224e+00 -2.952212909176991218e+01
6.143004288354516618e-01 1.154906140731371877e+01
-1.926602332994332478e+00 -1.514544019177711220e+01
6.813661859346131777e-01 -9.357726319761242806e+00
-1.278825934645622109e+00 -3.782098966219101577e+00
1.906124945567848172e+00 4.139668427120935945e+01
4.481122166410726138e+00 1.175258253351625513e+02
4.399252185684998651e+00 1.123446266084033169e+02
-4.015822070761714713e+00 -7.450160409680559326e+01
-1.181134722464094455e+00 -1.169098924566837283e+01
3.700770837621030651e+00 5.015811260672987260e+01
-4.913099862231085524e+00 -1.395512416152851358e+02
-1.729662997483978337e+00 -1.664863892694988579e+00
9.457782238373848571e-01 1.098109584855189524e+01
-3.260881138977499205e+00 -7.418500230215316549e+01
-2.413467020770529103e+00 -3.107361510064488996e+01
7.900811776976821577e-01 -9.202816344659137116e-02
-4.374370294613997068e+00 -9.901205867675705008e+01
-8.042770092237061519e-01 8.682923341209274781e+00
3.227525196801083851e+00 5.337384697145272128e+01
2.771113909358652094e+00 3.566018504209498730e+01
-2.055673356455383072e+00 -7.554698486355725606e+00
-1.084157588955232399e-01 6.079772331013296061e+00
-1.224864768164162232e+00 -7.315920256379145670e+00
2.874594402082345290e+00 2.686996797062232645e+01
-9.129398797799046505e-01 -1.521269783028735745e+01
1.663113588086319261e+00 2.406243632754233630e+01
5.468418810491728621e-01 -1.930717470425016735e+00
-6.179937823580505807e-02 2.030019292138966946e+01
-2.592816026652289274e+00 -2.599670214265309909e+01
9.679453188331974545e-01 3.458059551341898796e+00
-4.408622256638230041e+00 -1.248175481854815132e+02
1.391703620230723359e+00 1.742567760363013818e+01
4.599752901055019549e+00 1.192426161241699702e+02
-3.965160878263031208e+00 -6.607147128893960542e+01
-3.375443173785137585e+00 -6.240375887911756081e+01
3.734452804743165544e+00 7.167818440851515049e+01
8.694179412710703048e-01 2.358836400380003795e+01
-2.742342247968400315e+00 -2.914187412061731308e+01
-8.192101105093083646e-01 5.170746290264057521e+00
4.830066117627028532e+00 1.325245621109789340e+02
3.949774233405102919e+00 8.079655009841816593e+01
-2.441563318723737552e+00 -2.068945437396018505e+01
-4.094321569736107946e+00 -1.006704520536915197e+02
1.305020355755325490e+00 -8.151257809905985141e-01
1.561404649638475028e+00 5.968433972823190103e+00
3.676435716435495493e-01 2.036969399996443286e+01
2.373400508283705079e-01 -1.372941123426755894e+01
3.112998396023151315e+00 4.595196343290950125e+01
-4.328281301356184940e-01 -1.343169651339031212e+01
-4.465537162298724994e-01 -2.642069752053507692e+00
1.004377861607853362e+00 1.768884169340692836e+01
-4.680155201707122181e+00 -1.092053905874163604e+02
4.018493167571541846e-01 -3.390333318816658448e+00
4.912214591557333421e+00 1.596977433753842490e+02
3.652294950663385720e+00 5.495685163640993665e+01
-1.589979163787812233e+00 -1.602614952848043828e+01
-3.359025924049645617e+00 -5.671114504117325339e+01
3.073220102393651842e+00 3.115286699481671207e+01
-3.238540401206249086e-01 1.175475960634536143e+01
1.442214490982492769e+00 -1.745552455791937518e+00
-3.748545201189724452e+00 -6.472339150226292759e+01
6.471141924631806930e-01 8.570513135455119169e+00
-4.996424589470294109e+00 -1.549476155667634600e+02
4.033679281790709226e+00 9.243477348004498140e+01
1.218677630285310620e+00 1.517708057810701483e+01
1.325391430010850691e+00 2.983104145195013501e+01
-8.497476997850075264e-01 -1.019498434986165591e+01
4.888677827658476360e-01 -2.589256986750529954e+00
-1.574772704626071551e+00 8.038272933120893526e-01
-3.475984038518237007e+00 -4.692870467266983781e+01
3.724908115289826682e-01 1.909867205095768128e+01
8.908064059765923304e-01 9.733806802286988358e-01
2.421537362823935169e+00 3.206366233755634454e+01
-4.581883059538682801e-01 -1.227240022513250040e+01
1.763887903270848767e-01 -3.488568945799475518e+00
3.388148826285496185e+00 4.450529734533895976e+01
2.063618832301630235e-01 -1.139815001625230728e+01
-2.354616953258657830e+00 -1.347015802628876813e+01
4.018443887058362307e+00 8.564363898455141566e+01
-2.285167421925930142e+00 -2.618305388870921746e+01
3.067010542002012841e+00 4.360150731802603730e+01
4.131151388238439637e+00 1.065146086431595620e+02
-2.699811328992284487e+00 -5.228760896932460867e+01
-2.194908010062699422e+00 -1.263622938631135462e+01
5.206312241473396440e-01 5.410355794888301872e+00
-2.864055992423510055e+00 -4.912440749853902133e+01
-4.717526731238859128e-01 -6.664245192238871240e-02
-2.531855940716988052e+00 -1.445222122514166685e+01
-1.916272306410954585e+00 -2.278544887619054649e+01
-2.749684728862137106e+00 -2.003233227933697336e+01
-3.951960882150333809e+00 -8.917286646577640852e+01
4.924901070151458171e+00 1.492721940661315614e+02
1.628736939187173327e+00 6.866318179968702751e+00
2.923103728940094292e+00 4.067676618883901796e+01
